1 17
2
3 54 81 130
4
5 25 91
6 160 183 291
7
8 10 30
9
11
12 96 126 189
13
14 147 182
15
16
18 202 222 267
19
20
21
22 289
23
24
26 117 139 223 234 251 255 261 277
27
28 150 185 240 249
29
31
32
33 48 119 136 167 201
34
35 71
36
37 61 120 123 209
38 236
39
40
41
42 127
43
44
45
46 169 187
47
49
50 164 190
51 137 151 163 298
52
53
55
56 63 106 180 192 216 271
57
58
59
60
62
64 93 206
65 152 168 300
66
67
68
69
70
72 266
73
74
75
76 82 198
77
78
79 94 177 210
80
83
84
85 128
86
87
88
89
90
92
95
97
98
99
100
101
102
103
104 134
105
107
108
109
110
111
112
113
114 193
115 254
116
118
121
122
124
125
129
131
132
133
135
138
140
141
142 237 295
143
144
145
146
148
149
153
154
155 174
156
157
158
159
161
162
165
166
170
171
172
173
175
176
178
179
181
184
186
188
191
194
195
196
197
199 279 287
200
203
204
205 228 264
207
208
211
212
213
214
215
217
218
219
220
221
224
225
226
227 276
229
230
231
232
233
235
238
239
241
242
243
244
245
246
247
248
250
252
253
256
257
258
259
260
262
263
265
268
269
270
272
273
274
275
278
280
281
282
283
284
285
286
288
290
292
293
294
296
297
299
