1
2
3 1439
4 155 644 1239 1645 1970
5
6
7
8 310 751 1068 1802
9
10
11 1243
12
13
14 149 434 576 925 1004 1110 1624
15 107 491 580 843 1133 1799 1969
16
17 303 1602
18
19 568 1070 1089 1981
20 72 810 1018 1141 1196 1441
21
22
23
24 320 546 1013 1022
25 1135 1184 1373
26
27
28
29
30
31
32
33
34 592 1001 1461 1772 1811
35 152
36 514 668 702 1103 1143 1264 1508 1954
37
38
39
40
41 1938
42 316 630 1157 1882
43
44 150 201 228 258 540 833 964 1345 1399 1618 1621 1697 1736 1855
45 414
46 442 485 600 1173 1424 1479 1653
47
48
49 234
50
51
52
53 1021 1201 1428
54 75 376 424 769 1204 1396 1397 1641 1993
55 565 599 1726
56 134 333 408 512 1997
57
58 78 1014 1091 1336 1517
59 1303 1344
60
61 400 554 684 770 887 1160 1365
62 98 1499 1620
63
64
65
66
67 1574
68
69
70
71
73 194
74
76
77 247 305 355 743 752 1464 1782
79 124 499
80
81 216 1252 1256 1794 1820
82 965 1554
83 1194
84
85
86
87
88
89 1972
90 967 1224 1386 1807
91
92
93
94 181 509 999 1171 1852
95
96
97 884
99
100
101 876 1737
102
103
104 618 1529 1718 1795 1842
105 489 579 1330 1476 1665 1723
106 267 886 1030 1277 1564 1710 1791 1905 1924
108
109 1139
110 401 747 1744
111
112
113
114
115
116 416 542 663 720 765 1170 1608
117 208 255 317 1067 1278 1368 1419 1672
118
119 251 537 975
120 863 915 1106 1126 1393 1927
121
122
123 301 680 691 1601 1648 1792 1915
125
126
127 151 1333 1389
128
129
130 275 332 541 1468 1670
131
132
133
135
136
137
138
139
140 756 807 1831 1929
141
142
143 219 441 1062 1276 1739 1838
144 898
145 1346
146 195 341 683 928 980 1007 1362 1902
147
148
153
154
156 294 531 1066 1198 1288
157 530 796 930 1406 1595 1597 1999
158
159
160 203 289 804 1074 1306 1580 1646 1856
161
162
163
164
165
166 480
167
168
169 386 1887
170 482 660 1165 1358 1663 1995
171 1249 1352 1416 1766
172 709
173
174 805 1045 1197
175 324 515 748 921 968 1222 1309
176
177 571
178 365 912 1719 1828
179
180
182
183
184
185 840 1130 1521 1945
186 1694
187
188
189
190
191
192
193
196 435 732 1292 1465
197
198 464 612 623 677 733 855 976 1707
199
200 638 676 954 1177
202
204
205
206
207
209
210
211
212 384 560
213
214
215
217
218 346
220 1429
221
222
223
224 369 781 986 1032 1179
225
226
227
229 1311 1667 1872
230
231
232
233 407 459 899 1489 1578 1606
235
236
237
238
239
240
241
242 643 662 902 1227 1237 1510
243
244 682 811 847 874 1295
245
246
248 1497 1630
249
250
252 1941
253
254 695 1169
256 470
257 426 938 1071 1232 1324 1571
259 425 521 536 880 1788
260 1085
261 1167 1516
262
263 337 685 966 1637
264
265
266 465 932 1125 1255
268 451 478 589 616 791 924 1163 1515 1751 1943 1971
269 1486 1860
270
271
272
273
274
276 1072 1097 1657
277
278 1721
279 486 1075 1155 1299
280 402 1703 1821 1830
281
282
283
284 331
285
286
287
288 913 1378 1540 1957
290
291 449 730 1231 1897
292
293
295
296
297
298
299
300 1223
302
304 675 725 1119 1131 1532 1551 1660 1808
306
307 1304 1634
308
309 453 456 1069 1583 1803
311
312 354 750 774 1437
313 634 1253 1582 1763
314
315
318 851 1780
319 617 1392
321
322
323
325
326
327
328
329 1195 1259 1447 1824 1853
330
334
335 561
336
338
339
340 800
342
343
344 1251 1302
345
347
348
349
350
351
352
353
356
357
358 831 1590
359 1216
360 1205
361
362 1339 1976
363
364
366
367
368 885 1247
370
371
372 1495
373
374
375
377
378
379 1511
380
381
382
383 573 1566 1813
385
387
388
389 570 1687 1787 1823 1870
390 688 823 1482 1908
391
392
393 440 694 814 1137 1462 1471 1884
394
395
396 875 960 1175 1470 1740 1895 1975 1980
397 981 1134 1683 1996
398
399 475 1000 1218 1544
403
404
405
406
409
410 878
411
412
413 757
415 1937
417
418
419 1956
420 1422 1445 1760
421
422
423
427
428 1305 1320
429
430
431 1098
432
433
436 549 1077
437
438
439
443
444
445
446 772 793 1388 1865 1931
447 488 1152 1480 1546 1567
448 516 522 1375 1917
450
452 1241
454
455 591 794 797 835 848 1087 1229 1371 1536
457
458
460 1061
461 1058 1116
462
463 472
466
467
468
469
471
473
474
476
477
479
481
483
484
487
490 1501
492
493
494
495
496 824 1094 1294 1519 1745 1747 1786
497
498 1841
500
501
502
503
504
505 595 834 1039 1203 1300 1531 1686 1735 1951
506
507 1193 1374
508
510
511
513
517
518
519 926 937 946 1355
520
523 737
524
525 1083
526
527
528 1341 1781
529
532
533
534 574 798 1012 1286 1553 1598 1784 1932
535
538
539
543
544
545
547
548
550
551
552
553
555
556 934 1558
557
558
559
562
563
564
566
567 945 1348 1604
569
572
575
577
578
581
582
583
584
585
586
587 1638
588
590
593
594
596
597 1967
598
601 789 940 1214 1513
602
603
604
605
606
607
608
609
610
611
613
614
615
619
620
621
622
624
625
626
627 828 1033 1096 1159 1647
628
629
631
632
633
635
636
637 1279 1640
639
640
641
642 1664
645
646 846 1433
647 784 1158 1711
648
649
650
651 1603
652
653 844 1273
654
655
656
657 786 1042 1086 1228 1500 1675
658 896 1875
659 839 1334 1436 1753
661
664 1017 1586 1890
665
666
667
669
670
671
672
673
674
678
679
681 758 1088 1502 1848
686
687 1280
689 1035
690
692
693
696
697
698
699
700
701
703
704
705
706
707
708
710
711
712 1338
713
714
715
716
717
718
719
721
722
723
724
726
727
728
729
731
734
735
736
738
739 1127
740
741
742
744 953 1079 1283 1395 1725
745
746
749
753
754
755 1827
759
760
761
762 785 1449 1834 1961
763
764
766
767
768
771
773 935 1107 1535 1643 1977
775
776
777 1758
778
779
780 816 1040 1458
782
783
787
788
790
792
795
799 1225
801
802
803
806
808
809
812
813 1323 1402
815
817 842 1210 1370 1692 1793 1936
818
819
820
821
822
825
826
827
829
830
832
836
837
838
841
845 892 1262 1592 1798
849 1644 1922
850 1185 1659
852 1337
853
854
856
857
858
859
860
861
862
864 1168 1678
865
866 1257 1290 1599 1738 1814
867
868
869
870
871
872
873
877 1282 1364 1557
879
881
882
883
888
889
890
891 1095 1129 1526 1684
893
894
895
897
900
901 1188
903 1233 1990
904
905
906
907
908
909
910 920
911
914
916
917
918
919
922
923
927
929
931
933
936
939
941 1581
942
943
944
947
948
949
950
951
952
955
956
957
958
959 1804 1880
961
962
963
969 1034 1496 1631 1863
970
971
972
973
974
977
978
979
982
983
984
985
987
988
989
990
991
992
993
994 1435
995
996
997 1986
998
1002
1003
1005
1006
1008
1009
1010 1340 1383 1525 1560 1773 1843
1011
1015
1016
1019
1020
1023
1024
1025
1026
1027
1028
1029 1181 1260
1031
1036
1037
1038
1041
1043
1044
1046
1047
1048
1049
1050
1051
1052
1053
1054 1940
1055
1056
1057
1059
1060
1063
1064
1065
1073
1076
1078
1080
1081
1082
1084
1090
1092
1093
1099
1100 1939
1101
1102 1655 1715
1104 1730 1746 1805
1105
1108
1109
1111
1112
1113
1114
1115
1117
1118
1120
1121
1122
1123
1124
1128
1132 1724
1136
1138
1140
1142
1144
1145
1146
1147
1148
1149
1150
1151
1153
1154
1156
1161
1162
1164
1166
1172
1174
1176
1178
1180
1182 1289
1183
1186
1187
1189
1190
1191
1192
1199
1200
1202
1206
1207
1208
1209
1211
1212
1213
1215
1217
1219
1220
1221
1226
1230
1234
1235
1236
1238
1240
1242
1244
1245
1246
1248
1250
1254
1258
1261
1263
1265
1266
1267
1268
1269
1270 1463 1520 1661
1271
1272
1274
1275
1281
1284
1285
1287
1291
1293
1296
1297
1298
1301
1307
1308
1310
1312
1313
1314
1315
1316
1317
1318
1319
1321
1322
1325 1596
1326
1327
1328
1329
1331
1332 1354 1600
1335
1342 1713
1343
1347
1349
1350
1351
1353
1356
1357
1359
1360
1361
1363
1366
1367
1369
1372
1376
1377
1379
1380
1381
1382
1384
1385
1387
1390
1391
1394
1398
1400
1401
1403
1404
1405
1407
1408 1427
1409
1410
1411
1412
1413
1414
1415 1869
1417
1418
1420
1421
1423
1425
1426
1430
1431
1432
1434
1438
1440
1442
1443
1444
1446
1448
1450
1451
1452
1453
1454
1455
1456
1457
1459
1460
1466
1467
1469
1472
1473
1474
1475
1477
1478
1481
1483
1484
1485
1487
1488
1490
1491
1492
1493
1494
1498
1503
1504
1505
1506
1507
1509
1512
1514
1518
1522
1523
1524
1527
1528
1530
1533
1534
1537
1538
1539
1541
1542
1543
1545
1547
1548
1549
1550
1552
1555
1556 1845 1859
1559
1561
1562
1563
1565
1568
1569
1570
1572
1573
1575
1576
1577
1579
1584
1585
1587
1588
1589
1591
1593
1594 1642
1605
1607 1987
1609
1610
1611
1612
1613
1614
1615
1616
1617
1619
1622
1623
1625
1626
1627
1628
1629
1632
1633
1635
1636
1639
1649
1650
1651
1652
1654
1656 1658
1662
1666
1668
1669
1671
1673
1674
1676
1677
1679
1680
1681
1682
1685
1688
1689
1690
1691
1693
1695
1696
1698
1699
1700
1701
1702
1704
1705
1706
1708
1709
1712
1714
1716
1717
1720
1722
1727
1728
1729 1862
1731
1732
1733
1734
1741
1742
1743
1748
1749
1750
1752
1754
1755
1756
1757
1759
1761
1762
1764
1765
1767
1768
1769
1770
1771
1774
1775
1776
1777
1778
1779
1783
1785
1789
1790
1796
1797
1800
1801
1806
1809
1810
1812
1815
1816
1817
1818
1819
1822
1825
1826
1829
1832
1833
1835
1836
1837
1839
1840
1844
1846
1847
1849
1850
1851
1854
1857
1858
1861
1864
1866
1867
1868
1871
1873
1874
1876
1877
1878
1879
1881
1883
1885
1886
1888
1889
1891 1898
1892
1893
1894
1896
1899
1900
1901
1903
1904
1906
1907
1909
1910
1911
1912
1913
1914
1916
1918
1919
1920
1921
1923
1925
1926
1928
1930
1933
1934
1935
1942
1944
1946
1947
1948
1949
1950
1952
1953
1955
1958
1959
1960
1962
1963
1964
1965
1966
1968
1973
1974
1978
1979
1982
1983
1984
1985
1988
1989
1991
1992
1994
1998
2000
